0000000000000000000000000000000000000000000100000000000000000010
0000000000000000000000000000000000000000000000000000000000000100
0100000000001000000000000000000000000000000000000000000000000000
0000000000000000000000000000000000000000000000000000000000000000
0000000000000000000000000000000000000000000100000000000000000010
0000000000000000000000000000000000000000000000000000000000000000
0000000000000000000000000000000000000000000000000000000000000000
0000000000000000000000000000000000000000000000000000000000000000
0000000000000000000000000000000000000000000000000000000000000000
0000000000000000000000000000000000000000000000000000000000000000
0000000000000000000000000000000000000000000000000000000000000000
0000000000000000000000000000000000000000000000000000000000000000
0000000000000000000000000000000000000000000000000000000000000000
0000000000000000000000000000000000000000000000000000000000000000
0000000000000000000000000000000000000000000000000000000000000000
0000000000000000000000000000000000000000000000000000000000000000
0100000000001000000000000000000000000000000000000000000000000000
0100000000100100000000000000000000000000000000000000000000000000
0000000000000000000000000000000000000000000000000000000000000100
0100000000100100000000000000000000000000000000000000000000000000
